1.037205946574696
0.2098016211659544
0.15000799877827267
0.11980437545772119
0.10064310059572942
0.0861120041522809
0.08238560206075034
0.07195761729086914
0.06648259157309604
0.06448210011336093
0.05836849860569789
0.055146059929404974
0.05226305577832203
0.05056190124860986
0.050685952484559586
0.04405595711459879
0.04411838349804616
0.039943614695498134
0.039559287796371426
0.04106561386110013
0.03920975191907478
0.037004079754929656
0.03633577623929542
0.03465955550237526
0.03172002602924869
