0.19966114460561338
0.12600738517079416
0.09965821058971949
0.08988574847579771
0.08491755879223624
0.06639305345687967
0.060333638176419575
0.054181716338579204
0.054070508945070546
0.055588708218727294
0.052538414732558825
0.04486532599332692
0.044579634964152966
0.039146728277280475
0.04041117102956333
0.040422733992749954
0.039954498328640536
0.03529915767503793
0.03250749806382602
0.03331469249825255
0.04002859218211231
0.034815617534807435
0.031210885941810575
0.03813444449958534
0.0359320806271108
