0.22585287121610206
0.1483829511331837
0.12832270122037912
0.1082296964918521
0.09621925837597668
0.08658913400881153
0.08840431362808009
0.07874663567579972
0.0744142656410854
0.07124565390553796
0.06498280780420894
0.058218224457371556
0.05493337231110063
0.058626353556201286
0.06517764067911809
0.06080147516877482
0.051178405189972125
0.04965092620764018
0.045372980498082936
0.04798540926592301
0.05138618500906494
0.04411731648443724
0.045934997187319075
0.04573590353444421
0.04780589831598327
