0.6673539042002226
0.14858849928321588
0.10869813864104837
0.08684365558067028
0.07734099388905107
0.0669546173132842
0.061628324020967566
0.05901527746669251
0.05412357172739506
0.050148632834734856
0.046116549603422104
0.04487659163458179
0.04390603821726825
0.040139664310404104
0.04186319297282948
0.03830798705955167
0.03789315545121692
0.03717418301392947
0.0375811122835852
0.03627566498194407
0.03611624997048416
0.034974465527158105
0.03339206218161896
0.03233745411205654
0.030699934259594577
