0.13084013255546637
0.10144374228701943
0.08331226691466882
0.07227954864762255
0.06750865330344846
0.05730055390620199
0.050028759308465565
0.049029191288252866
0.04579488054556536
0.04112188827133254
0.04515091263607793
0.04187981288255482
0.04281226348648518
0.037662313672992824
0.03502753070155474
0.043427820366697976
0.03926462807983854
0.03794098875075686
0.035822616944075195
0.0326346357708497
0.03905932889443819
0.03493525731919843
0.033622053852440006
0.03111624533691533
0.030247326384248627
